0.0000 7.6198
0.0050 8.3975
0.0100 8.1156
0.0150 7.7067
0.0200 9.1580
0.0250 8.2267
0.0300 8.0878
0.0350 9.0262
0.0400 7.8630
0.0450 7.8534
0.0501 8.5933
0.0551 8.9742
0.0601 8.9045
0.0651 8.4019
0.0701 8.0834
0.0751 9.3946
0.0801 10.2652
0.0851 9.1151
0.0901 8.6962
0.0951 9.0186
0.1001 8.4633
0.1051 8.7473
0.1101 8.4802
0.1151 8.6189
0.1201 8.7821
0.1251 8.8681
0.1301 8.5977
0.1351 9.6068
0.1401 8.6895
0.1451 9.1225
0.1502 9.3380
0.1552 9.4726
0.1602 8.1319
0.1652 9.0726
0.1702 9.2192
0.1752 9.0372
0.1802 8.7111
0.1852 9.5681
0.1902 8.5823
0.1952 9.0954
0.2002 8.8203
0.2052 9.3051
0.2102 9.3752
0.2152 8.2065
0.2202 8.1394
0.2252 8.8761
0.2302 8.8192
0.2352 9.2009
0.2402 9.3667
0.2452 8.4537
0.2503 8.6540
0.2553 9.0442
0.2603 10.4293
0.2653 8.3440
0.2703 9.1507
0.2753 9.3781
0.2803 9.5366
0.2853 9.1675
0.2903 9.0725
0.2953 9.3069
0.3003 9.2243
0.3053 9.2109
0.3103 9.5801
0.3153 8.7480
0.3203 9.1099
0.3253 9.7999
0.3303 9.2784
0.3353 9.1652
0.3403 8.8394
0.3453 9.1626
0.3504 9.4220
0.3554 9.4498
0.3604 9.6909
0.3654 9.5969
0.3704 10.0985
0.3754 9.0847
0.3804 10.4219
0.3854 9.9459
0.3904 9.8176
0.3954 8.6341
0.4004 10.0565
0.4054 8.2673
0.4104 9.4515
0.4154 7.5751
0.4204 9.3936
0.4254 9.6813
0.4304 9.4928
0.4354 9.2150
0.4404 9.3637
0.4454 8.2727
0.4505 9.6399
0.4555 9.2245
0.4605 9.9615
0.4655 10.4211
0.4705 10.3841
0.4755 8.9828
0.4805 9.2044
0.4855 9.6649
0.4905 10.1085
0.4955 9.4205
0.5005 9.5722
0.5055 9.7379
0.5105 9.5138
0.5155 9.6797
0.5205 9.6691
0.5255 9.6684
0.5305 9.6827
0.5355 9.9407
0.5405 9.4253
0.5455 8.5961
0.5506 9.5662
0.5556 10.2656
0.5606 9.7751
0.5656 9.2284
0.5706 9.9836
0.5756 10.3208
0.5806 9.0546
0.5856 9.1307
0.5906 9.3853
0.5956 9.3699
0.6006 10.8656
0.6056 9.4190
0.6106 10.4228
0.6156 10.3751
0.6206 10.3684
0.6256 10.1847
0.6306 9.6505
0.6356 9.7847
0.6406 9.4787
0.6456 9.6113
0.6507 9.5417
0.6557 10.0907
0.6607 9.7974
0.6657 10.3428
0.6707 10.7252
0.6757 11.3889
0.6807 10.1014
0.6857 9.3948
0.6907 10.8872
0.6957 10.1292
0.7007 10.6138
0.7057 9.6268
0.7107 9.9849
0.7157 10.3418
0.7207 9.8122
0.7257 10.9183
0.7307 11.1174
0.7357 10.4790
0.7407 10.0476
0.7457 9.9801
0.7508 10.1889
0.7558 10.1733
0.7608 10.0216
0.7658 10.7212
0.7708 9.9817
0.7758 10.3786
0.7808 11.1899
0.7858 10.0046
0.7908 10.4569
0.7958 10.1913
0.8008 10.6478
0.8058 10.2213
0.8108 9.5694
0.8158 10.1783
0.8208 10.1173
0.8258 10.9897
0.8308 10.4473
0.8358 10.5698
0.8408 10.5911
0.8458 10.5630
0.8509 9.9803
0.8559 9.8816
0.8609 9.9262
0.8659 10.1482
0.8709 9.8660
0.8759 10.7550
0.8809 11.9800
0.8859 10.4885
0.8909 9.3158
0.8959 10.7389
0.9009 10.0968
0.9059 11.1278
0.9109 10.7924
0.9159 10.0873
0.9209 11.1572
0.9259 10.7036
0.9309 10.7485
0.9359 10.5706
0.9409 12.2025
0.9459 10.8205
0.9510 10.9135
0.9560 10.9176
0.9610 10.4333
0.9660 10.8792
0.9710 10.8819
0.9760 11.8234
0.9810 10.4678
0.9860 11.6487
0.9910 10.6929
0.9960 10.4550
1.0010 11.2851
1.0060 11.0442
1.0110 11.1494
1.0160 11.2847
1.0210 10.8729
1.0260 11.3122
1.0310 11.3983
1.0360 11.4944
1.0410 10.9075
1.0460 10.9472
1.0511 10.4166
1.0561 10.5104
1.0611 11.3782
1.0661 11.2494
1.0711 10.9427
1.0761 11.0462
1.0811 11.1815
1.0861 11.9723
1.0911 11.6558
1.0961 11.3677
1.1011 10.8249
1.1061 11.1542
1.1111 12.0778
1.1161 12.1721
1.1211 11.8597
1.1261 11.9390
1.1311 11.5766
1.1361 10.6256
1.1411 11.6491
1.1461 10.8268
1.1512 10.8238
1.1562 11.6887
1.1612 11.7763
1.1662 12.0722
1.1712 11.6327
1.1762 11.9590
1.1812 11.1014
1.1862 10.6424
1.1912 11.7113
1.1962 11.2790
1.2012 10.5123
1.2062 10.9157
1.2112 12.2788
1.2162 11.7383
1.2212 11.4960
1.2262 11.7926
1.2312 11.9818
1.2362 11.1225
1.2412 11.3232
1.2462 10.9250
1.2513 11.5291
1.2563 10.9112
1.2613 11.8712
1.2663 12.2545
1.2713 11.6069
1.2763 11.2782
1.2813 11.6107
1.2863 11.9482
1.2913 11.5568
1.2963 11.4926
1.3013 11.6454
1.3063 12.1373
1.3113 11.5600
1.3163 11.4013
1.3213 10.9327
1.3263 12.7726
1.3313 12.3080
1.3363 12.9755
1.3413 12.3360
1.3463 12.1895
1.3514 11.7107
1.3564 12.2439
1.3614 11.7152
1.3664 12.2973
1.3714 12.1662
1.3764 11.8665
1.3814 13.1548
1.3864 11.6170
1.3914 12.4509
1.3964 11.8155
1.4014 11.4907
1.4064 11.7803
1.4114 11.7770
1.4164 12.4030
1.4214 12.5187
1.4264 12.4467
1.4314 11.7179
1.4364 11.8922
1.4414 11.1716
1.4464 12.6208
1.4515 12.5778
1.4565 11.9908
1.4615 12.2282
1.4665 11.2398
1.4715 11.5497
1.4765 12.4594
1.4815 11.7101
1.4865 11.9544
1.4915 12.4257
1.4965 12.2284
1.5015 12.5450
1.5065 12.7397
1.5115 12.9039
1.5165 12.4925
1.5215 12.9050
1.5265 12.3955
1.5315 11.9667
1.5365 12.6820
1.5415 12.8181
1.5465 13.0607
1.5516 11.4303
1.5566 12.0845
1.5616 11.8752
1.5666 12.8805
1.5716 11.9062
1.5766 11.6986
1.5816 12.5867
1.5866 13.4676
1.5916 13.0538
1.5966 11.6572
1.6016 12.6219
1.6066 12.8726
1.6116 12.4422
1.6166 12.7319
1.6216 13.5280
1.6266 12.7476
1.6316 12.1860
1.6366 12.9512
1.6416 12.7976
1.6466 12.6096
1.6517 12.0883
1.6567 12.2999
1.6617 13.4382
1.6667 12.5001
1.6717 12.8674
1.6767 12.2349
1.6817 12.5796
1.6867 13.0730
1.6917 12.7490
1.6967 12.4515
1.7017 12.4723
1.7067 11.9482
1.7117 12.6723
1.7167 12.7510
1.7217 12.5042
1.7267 12.2920
1.7317 13.7040
1.7367 13.1116
1.7417 12.5935
1.7467 12.8912
1.7518 12.8738
1.7568 13.3317
1.7618 13.0924
1.7668 12.5510
1.7718 12.7832
1.7768 12.9072
1.7818 13.1403
1.7868 13.6744
1.7918 12.8778
1.7968 12.8294
1.8018 13.6204
1.8068 13.4336
1.8118 12.8541
1.8168 12.4674
1.8218 12.8485
1.8268 13.2370
1.8318 14.0940
1.8368 12.8367
1.8418 12.7983
1.8468 13.4467
1.8519 13.3665
1.8569 12.8985
1.8619 12.9771
1.8669 13.2998
1.8719 13.9889
1.8769 12.4919
1.8819 13.1619
1.8869 13.3475
1.8919 13.7969
1.8969 13.2759
1.9019 13.9223
1.9069 13.3656
1.9119 14.1862
1.9169 12.7308
1.9219 13.2847
1.9269 13.1232
1.9319 13.4754
1.9369 13.1957
1.9419 13.9163
1.9469 13.5510
1.9520 13.0332
1.9570 13.4691
1.9620 13.9225
1.9670 13.8044
1.9720 13.8503
1.9770 13.7023
1.9820 13.2095
1.9870 13.2328
1.9920 13.0375
1.9970 13.1357
2.0020 13.4495
2.0070 14.1238
2.0120 12.8217
2.0170 12.9920
2.0220 13.7323
2.0270 14.1864
2.0320 13.5578
2.0370 13.1020
2.0420 12.3378
2.0470 13.9800
2.0521 13.7174
2.0571 13.9289
2.0621 13.5695
2.0671 13.8126
2.0721 14.2938
2.0771 13.9908
2.0821 14.0091
2.0871 13.7032
2.0921 14.0001
2.0971 14.3126
2.1021 13.6595
2.1071 12.9623
2.1121 14.0597
2.1171 13.9762
2.1221 13.1973
2.1271 14.4723
2.1321 13.8650
2.1371 12.8824
2.1421 13.3272
2.1471 13.8141
2.1522 14.3772
2.1572 13.8704
2.1622 13.9872
2.1672 14.2811
2.1722 14.3553
2.1772 14.4067
2.1822 13.3589
2.1872 14.7872
2.1922 13.3896
2.1972 14.3236
2.2022 13.9984
2.2072 14.2383
2.2122 12.8867
2.2172 13.8260
2.2222 13.7769
2.2272 13.2483
2.2322 14.1284
2.2372 14.1896
2.2422 13.7870
2.2472 14.1816
2.2523 14.0792
2.2573 13.1442
2.2623 13.5738
2.2673 14.3659
2.2723 14.0139
2.2773 14.7592
2.2823 14.8060
2.2873 14.1588
2.2923 14.2251
2.2973 14.2102
2.3023 14.5856
2.3073 13.8817
2.3123 14.2895
2.3173 13.9901
2.3223 14.7834
2.3273 14.6430
2.3323 13.6652
2.3373 13.8040
2.3423 14.2199
2.3473 14.5198
2.3524 14.6617
2.3574 14.7584
2.3624 14.1030
2.3674 14.8851
2.3724 14.7804
2.3774 14.6668
2.3824 14.4809
2.3874 14.8584
2.3924 14.3055
2.3974 14.1288
2.4024 14.8891
2.4074 13.8902
2.4124 15.1480
2.4174 15.1940
2.4224 15.5854
2.4274 14.9443
2.4324 14.9028
2.4374 14.7257
2.4424 14.8160
2.4474 14.5043
2.4525 15.2683
2.4575 15.5949
2.4625 14.5679
2.4675 14.9738
2.4725 14.5847
2.4775 14.1612
2.4825 14.3930
2.4875 14.1083
2.4925 15.2164
2.4975 14.4659
2.5025 14.9055
2.5075 15.1136
2.5125 14.9600
2.5175 14.6770
2.5225 14.7234
2.5275 15.1943
2.5325 15.5654
2.5375 15.3209
2.5425 14.6634
2.5475 14.5645
2.5526 15.5455
2.5576 14.4082
2.5626 14.9338
2.5676 14.8641
2.5726 15.4884
2.5776 15.4235
2.5826 14.0931
2.5876 15.4627
2.5926 15.6884
2.5976 15.7298
2.6026 15.7896
2.6076 14.5224
2.6126 15.5734
2.6176 15.2034
2.6226 16.6549
2.6276 14.6453
2.6326 15.2535
2.6376 15.4437
2.6426 15.5985
2.6476 15.3126
2.6527 15.0593
2.6577 14.9351
2.6627 14.5849
2.6677 15.8063
2.6727 15.0933
2.6777 15.7760
2.6827 15.5493
2.6877 15.9007
2.6927 15.5181
2.6977 15.2546
2.7027 15.4547
2.7077 15.2869
2.7127 15.9110
2.7177 15.9241
2.7227 15.5207
2.7277 15.7108
2.7327 14.2838
2.7377 15.8370
2.7427 15.9946
2.7477 15.5388
2.7528 15.7604
2.7578 14.1262
2.7628 15.2136
2.7678 15.3240
2.7728 15.9624
2.7778 15.4252
2.7828 16.1354
2.7878 15.5556
2.7928 16.8459
2.7978 15.8265
2.8028 16.5157
2.8078 15.9642
2.8128 15.2435
2.8178 16.5984
2.8228 15.9896
2.8278 16.4605
2.8328 15.3802
2.8378 14.3940
2.8428 15.7754
2.8478 15.3103
2.8529 16.0543
2.8579 16.4979
2.8629 17.0931
2.8679 15.8159
2.8729 15.7357
2.8779 14.8780
2.8829 15.6153
2.8879 15.7476
2.8929 16.4207
2.8979 15.6864
2.9029 16.1953
2.9079 14.8564
2.9129 15.9819
2.9179 16.2623
2.9229 15.1814
2.9279 16.0580
2.9329 16.3470
2.9379 15.4182
2.9429 16.6982
2.9479 15.8925
2.9530 16.0382
2.9580 15.8937
2.9630 15.8262
2.9680 16.3061
2.9730 15.2512
2.9780 15.7662
2.9830 16.3444
2.9880 16.0317
2.9930 16.2455
2.9980 15.6894
3.0030 15.4544
3.0080 16.4635
3.0130 16.4304
3.0180 15.7007
3.0230 16.1389
3.0280 16.5715
3.0330 16.4036
3.0380 16.0872
3.0430 16.0852
3.0480 15.7523
3.0531 16.5524
3.0581 16.6332
3.0631 17.1120
3.0681 17.0902
3.0731 16.4871
3.0781 16.2347
3.0831 15.4071
3.0881 16.2580
3.0931 16.1772
3.0981 16.4354
3.1031 16.5211
3.1081 15.9781
3.1131 17.2191
3.1181 16.0149
3.1231 16.2441
3.1281 15.8166
3.1331 17.1624
3.1381 17.2033
3.1431 16.9638
3.1481 15.9347
3.1532 17.0333
3.1582 16.6650
3.1632 16.7434
3.1682 17.1714
3.1732 16.1568
3.1782 17.0030
3.1832 17.1362
3.1882 16.8716
3.1932 15.8208
3.1982 15.8322
3.2032 16.7270
3.2082 16.6243
3.2132 17.3941
3.2182 16.1871
3.2232 16.6567
3.2282 16.4482
3.2332 16.4992
3.2382 16.6314
3.2432 16.5973
3.2482 16.5625
3.2533 16.7094
3.2583 16.7683
3.2633 16.4493
3.2683 16.3796
3.2733 17.7565
3.2783 17.3041
3.2833 17.5939
3.2883 16.9311
3.2933 16.1524
3.2983 16.6098
3.3033 17.0894
3.3083 16.5837
3.3133 17.2258
3.3183 16.3565
3.3233 16.6306
3.3283 16.7944
3.3333 17.2188
3.3383 17.4285
3.3433 16.7293
3.3483 17.7248
3.3534 15.3873
3.3584 17.2680
3.3634 17.1850
3.3684 17.8423
3.3734 16.9557
3.3784 16.8676
3.3834 16.6289
3.3884 17.0744
3.3934 17.1164
3.3984 17.3515
3.4034 17.8087
3.4084 17.3476
3.4134 16.7039
3.4184 17.3527
3.4234 16.9252
3.4284 17.6494
3.4334 18.4216
3.4384 17.2084
3.4434 17.4084
3.4484 16.6555
3.4535 17.6290
3.4585 17.7877
3.4635 17.9003
3.4685 17.0983
3.4735 16.8372
3.4785 17.6145
3.4835 17.6674
3.4885 17.1949
3.4935 18.3647
3.4985 16.9264
3.5035 17.6099
3.5085 18.1578
3.5135 17.6101
3.5185 17.8161
3.5235 17.7702
3.5285 17.9317
3.5335 17.7341
3.5385 17.5571
3.5435 18.7427
3.5485 17.5209
3.5536 17.4289
3.5586 16.9560
3.5636 17.0418
3.5686 18.1250
3.5736 17.0481
3.5786 18.1474
3.5836 18.5504
3.5886 18.1456
3.5936 18.5688
3.5986 18.0342
3.6036 17.7687
3.6086 17.5118
3.6136 17.9238
3.6186 18.3103
3.6236 17.7598
3.6286 17.3537
3.6336 17.9682
3.6386 17.4416
3.6436 18.5079
3.6486 18.5232
3.6537 19.0852
3.6587 16.9129
3.6637 18.4730
3.6687 17.9928
3.6737 18.9542
3.6787 17.9198
3.6837 18.1495
3.6887 17.6001
3.6937 18.6237
3.6987 18.1776
3.7037 18.3547
3.7087 18.3018
3.7137 17.5058
3.7187 18.7826
3.7237 17.3682
3.7287 18.3995
3.7337 17.7493
3.7387 17.9085
3.7437 17.9287
3.7487 17.7972
3.7538 17.8402
3.7588 19.0675
3.7638 18.0452
3.7688 18.4567
3.7738 18.2241
3.7788 19.2926
3.7838 18.5373
3.7888 18.9641
3.7938 19.1899
3.7988 18.7141
3.8038 18.5889
3.8088 18.6304
3.8138 18.0826
3.8188 17.7413
3.8238 18.2170
3.8288 18.3703
3.8338 17.4178
3.8388 18.1864
3.8438 18.0966
3.8488 18.4453
3.8539 18.7565
3.8589 18.4721
3.8639 17.9959
3.8689 18.7683
3.8739 17.8805
3.8789 18.2230
3.8839 17.9724
3.8889 17.9467
3.8939 18.1344
3.8989 18.3345
3.9039 18.9819
3.9089 18.8132
3.9139 17.9528
3.9189 18.8127
3.9239 18.7158
3.9289 19.3481
3.9339 18.0051
3.9389 18.2454
3.9439 19.9109
3.9489 18.9858
3.9540 18.6394
3.9590 18.8768
3.9640 18.8719
3.9690 19.1336
3.9740 18.2613
3.9790 18.1652
3.9840 18.2526
3.9890 19.0209
3.9940 18.1397
3.9990 18.9663
4.0040 19.2712
4.0090 19.0890
4.0140 18.2970
4.0190 19.7139
4.0240 19.3254
4.0290 19.0365
4.0340 19.0969
4.0390 18.8520
4.0440 18.8821
4.0490 19.4773
4.0541 18.3195
4.0591 18.9954
4.0641 18.7841
4.0691 20.0912
4.0741 18.6441
4.0791 19.3402
4.0841 18.9053
4.0891 19.4751
4.0941 18.6308
4.0991 19.9387
4.1041 18.4789
4.1091 18.7938
4.1141 19.2034
4.1191 19.7213
4.1241 18.7805
4.1291 19.8240
4.1341 19.7668
4.1391 19.4521
4.1441 18.4441
4.1491 20.0595
4.1542 18.3957
4.1592 18.5887
4.1642 18.9893
4.1692 20.3534
4.1742 18.7709
4.1792 18.9178
4.1842 19.7154
4.1892 19.9030
4.1942 18.8984
4.1992 19.3720
4.2042 18.7921
4.2092 17.9210
4.2142 19.1768
4.2192 19.7429
4.2242 20.7896
4.2292 20.0010
4.2342 18.7521
4.2392 20.1550
4.2442 20.1159
4.2492 18.9017
4.2543 19.1515
4.2593 19.3300
4.2643 19.1843
4.2693 19.6217
4.2743 19.6207
4.2793 19.6216
4.2843 19.6345
4.2893 19.2579
4.2943 19.5741
4.2993 18.2960
4.3043 19.1899
4.3093 20.1790
4.3143 20.6031
4.3193 20.7390
4.3243 19.5596
4.3293 19.0731
4.3343 18.7088
4.3393 19.7328
4.3443 20.4940
4.3493 19.3397
4.3544 20.2101
4.3594 19.4640
4.3644 20.1336
4.3694 19.2344
4.3744 20.8723
4.3794 19.3950
4.3844 19.9817
4.3894 20.6916
4.3944 20.2441
4.3994 19.5985
4.4044 19.5892
4.4094 19.7974
4.4144 20.2432
4.4194 19.8006
4.4244 19.0479
4.4294 20.5381
4.4344 19.7935
4.4394 19.9403
4.4444 20.7516
4.4494 19.9184
4.4545 19.8651
4.4595 19.1593
4.4645 19.6575
4.4695 19.1627
4.4745 20.0253
4.4795 19.8282
4.4845 19.8955
4.4895 20.6384
4.4945 19.9602
4.4995 19.8271
4.5045 20.0622
4.5095 20.4183
4.5145 19.6104
4.5195 19.6364
4.5245 20.3259
4.5295 20.5755
4.5345 19.8229
4.5395 20.8791
4.5445 19.7059
4.5495 21.2229
4.5546 20.0602
4.5596 20.4260
4.5646 20.3118
4.5696 20.3360
4.5746 20.4097
4.5796 20.6396
4.5846 20.6647
4.5896 20.8324
4.5946 19.6040
4.5996 20.2325
4.6046 19.9587
4.6096 20.6227
4.6146 21.2831
4.6196 20.6517
4.6246 20.8496
4.6296 19.9384
4.6346 20.3726
4.6396 20.3701
4.6446 19.5612
4.6496 20.9307
4.6547 19.9734
4.6597 20.1947
4.6647 20.7665
4.6697 20.7381
4.6747 20.5023
4.6797 20.6876
4.6847 20.4735
4.6897 20.0929
4.6947 19.8450
4.6997 19.8022
4.7047 20.1154
4.7097 20.7844
4.7147 20.4722
4.7197 20.9197
4.7247 20.6996
4.7297 21.0467
4.7347 21.2911
4.7397 20.0753
4.7447 20.8479
4.7497 20.7634
4.7548 21.4649
4.7598 21.2197
4.7648 20.7770
4.7698 21.5357
4.7748 20.7187
4.7798 20.4278
4.7848 21.0589
4.7898 21.6334
4.7948 20.9034
4.7998 21.9616
4.8048 21.6044
4.8098 20.9013
4.8148 20.7899
4.8198 20.1892
4.8248 20.0886
4.8298 20.6767
4.8348 21.6180
4.8398 20.6215
4.8448 21.1575
4.8498 21.1235
4.8549 21.5142
4.8599 20.7120
4.8649 21.1386
4.8699 20.9082
4.8749 21.4702
4.8799 20.8767
4.8849 21.4710
4.8899 21.6007
4.8949 22.0163
4.8999 21.0946
4.9049 21.1930
4.9099 20.5420
4.9149 20.4747
4.9199 21.5627
4.9249 21.4316
4.9299 21.8973
4.9349 21.6850
4.9399 21.0024
4.9449 21.6512
4.9499 20.5077
4.9550 21.3661
4.9600 20.5557
4.9650 21.9831
4.9700 22.1287
4.9750 20.6285
4.9800 20.3052
4.9850 21.5445
4.9900 20.6700
4.9950 21.7040
5.0000 21.0788
