0.0000 10.4836
0.0050 11.6192
0.0100 8.2361
0.0150 8.9703
0.0200 6.2192
0.0250 8.1650
0.0300 7.2407
0.0350 9.8929
0.0400 9.6742
0.0450 10.3372
0.0501 9.9078
0.0551 9.3774
0.0601 8.0800
0.0651 8.8825
0.0701 7.3487
0.0751 7.1871
0.0801 8.0618
0.0851 7.8439
0.0901 8.4564
0.0951 6.6236
0.1001 6.9322
0.1051 10.7319
0.1101 7.3811
0.1151 9.8774
0.1201 8.7319
0.1251 6.3996
0.1301 7.3931
0.1351 8.9381
0.1401 8.5726
0.1451 7.2718
0.1502 9.1338
0.1552 7.5807
0.1602 8.4062
0.1652 9.6614
0.1702 7.5666
0.1752 10.8863
0.1802 9.5149
0.1852 8.3557
0.1902 9.4644
0.1952 8.4562
0.2002 8.7384
0.2052 8.2740
0.2102 10.1034
0.2152 8.8312
0.2202 9.0962
0.2252 9.8250
0.2302 8.4868
0.2352 9.5285
0.2402 7.7958
0.2452 8.7469
0.2503 8.8990
0.2553 7.2037
0.2603 9.4727
0.2653 9.6264
0.2703 9.0406
0.2753 9.9668
0.2803 8.6572
0.2853 8.7244
0.2903 8.9137
0.2953 9.8505
0.3003 8.4560
0.3053 8.3845
0.3103 9.9731
0.3153 9.4171
0.3203 10.4130
0.3253 10.2179
0.3303 6.5850
0.3353 9.1854
0.3403 10.3452
0.3453 9.2553
0.3504 9.9393
0.3554 10.4607
0.3604 9.0962
0.3654 8.7557
0.3704 11.6245
0.3754 9.1806
0.3804 11.4088
0.3854 8.8086
0.3904 8.0955
0.3954 9.3137
0.4004 9.6755
0.4054 11.1967
0.4104 9.4944
0.4154 8.7875
0.4204 9.4992
0.4254 8.4173
0.4304 11.3839
0.4354 9.2749
0.4404 9.4959
0.4454 9.6860
0.4505 10.0396
0.4555 8.1392
0.4605 10.1013
0.4655 9.4096
0.4705 10.7358
0.4755 9.6590
0.4805 10.0979
0.4855 9.8329
0.4905 9.3008
0.4955 10.4953
0.5005 10.6405
0.5055 11.3941
0.5105 9.0512
0.5155 10.8748
0.5205 9.5590
0.5255 8.8557
0.5305 11.3280
0.5355 9.2502
0.5405 8.9417
0.5455 8.8227
0.5506 9.1959
0.5556 11.1368
0.5606 10.0099
0.5656 11.4040
0.5706 8.7292
0.5756 9.5584
0.5806 10.9859
0.5856 10.5326
0.5906 10.2176
0.5956 10.1233
0.6006 10.0933
0.6056 10.7483
0.6106 12.1940
0.6156 12.6130
0.6206 10.5493
0.6256 10.2556
0.6306 10.8993
0.6356 11.0702
0.6406 11.7963
0.6456 11.9470
0.6507 10.1384
0.6557 9.1417
0.6607 10.9388
0.6657 10.4882
0.6707 9.3105
0.6757 8.9827
0.6807 12.4494
0.6857 9.9575
0.6907 11.8303
0.6957 9.9235
0.7007 11.2800
0.7057 9.5307
0.7107 9.1536
0.7157 11.3231
0.7207 10.5998
0.7257 9.3544
0.7307 9.7094
0.7357 11.3611
0.7407 9.3850
0.7457 9.9949
0.7508 10.8203
0.7558 10.5327
0.7608 10.9675
0.7658 9.3064
0.7708 9.4328
0.7758 11.1497
0.7808 11.3914
0.7858 12.1725
0.7908 10.1911
0.7958 10.4898
0.8008 10.3091
0.8058 7.7621
0.8108 10.5051
0.8158 9.7105
0.8208 10.9500
0.8258 11.0992
0.8308 10.9182
0.8358 11.1277
0.8408 10.9168
0.8458 11.6052
0.8509 10.1756
0.8559 10.3600
0.8609 10.6618
0.8659 11.0824
0.8709 12.6955
0.8759 9.6543
0.8809 10.1485
0.8859 12.2874
0.8909 9.7211
0.8959 9.8647
0.9009 11.0211
0.9059 10.9791
0.9109 11.8733
0.9159 11.3205
0.9209 12.0833
0.9259 11.7334
0.9309 12.0571
0.9359 9.7089
0.9409 12.1655
0.9459 12.8719
0.9510 11.7944
0.9560 11.4243
0.9610 11.3242
0.9660 10.9735
0.9710 11.1170
0.9760 9.4565
0.9810 12.5597
0.9860 11.1921
0.9910 12.3534
0.9960 10.2697
1.0010 11.6416
1.0060 11.5382
1.0110 10.9866
1.0160 11.1171
1.0210 9.9246
1.0260 9.8009
1.0310 12.6780
1.0360 11.2295
1.0410 12.4670
1.0460 11.4133
1.0511 11.8671
1.0561 13.8952
1.0611 11.6997
1.0661 12.3067
1.0711 12.0410
1.0761 12.0956
1.0811 10.8403
1.0861 10.6608
1.0911 11.5774
1.0961 12.1465
1.1011 11.3588
1.1061 11.7220
1.1111 11.4327
1.1161 12.5111
1.1211 10.9288
1.1261 11.3863
1.1311 11.9673
1.1361 11.4489
1.1411 11.9951
1.1461 12.7253
1.1512 11.5380
1.1562 11.9797
1.1612 12.1461
1.1662 11.3735
1.1712 10.2705
1.1762 10.8175
1.1812 9.7755
1.1862 12.4169
1.1912 12.1940
1.1962 12.7027
1.2012 12.3632
1.2062 11.9092
1.2112 13.5489
1.2162 11.4378
1.2212 11.1828
1.2262 9.5726
1.2312 11.5611
1.2362 11.1153
1.2412 12.6551
1.2462 10.2496
1.2513 12.7972
1.2563 12.2514
1.2613 12.3122
1.2663 11.6902
1.2713 14.0276
1.2763 11.8967
1.2813 12.2714
1.2863 14.0864
1.2913 11.7020
1.2963 12.0061
1.3013 13.7294
1.3063 13.2984
1.3113 12.2834
1.3163 10.2939
1.3213 13.2301
1.3263 13.2327
1.3313 11.2286
1.3363 12.7011
1.3413 12.7981
1.3463 12.0682
1.3514 12.8726
1.3564 11.2565
1.3614 12.2118
1.3664 13.4210
1.3714 13.2180
1.3764 11.1002
1.3814 11.0153
1.3864 13.4919
1.3914 14.4724
1.3964 14.0192
1.4014 12.3488
1.4064 11.0313
1.4114 12.2599
1.4164 13.6181
1.4214 13.0226
1.4264 12.5885
1.4314 10.9692
1.4364 12.7202
1.4414 9.4949
1.4464 13.1347
1.4515 12.6906
1.4565 13.4446
1.4615 13.5375
1.4665 13.9951
1.4715 12.4114
1.4765 11.5511
1.4815 15.3066
1.4865 13.0172
1.4915 12.8972
1.4965 14.4289
1.5015 13.8851
1.5065 13.1569
1.5115 12.0900
1.5165 13.1325
1.5215 11.9975
1.5265 13.5118
1.5315 12.4634
1.5365 12.1834
1.5415 13.7549
1.5465 11.9307
1.5516 13.0187
1.5566 11.5778
1.5616 15.3596
1.5666 14.0106
1.5716 13.7222
1.5766 12.3692
1.5816 13.2468
1.5866 12.9626
1.5916 12.9889
1.5966 14.5748
1.6016 15.0490
1.6066 12.8366
1.6116 11.8367
1.6166 13.1146
1.6216 14.7412
1.6266 15.5547
1.6316 13.8824
1.6366 13.6026
1.6416 11.7089
1.6466 12.5439
1.6517 12.5888
1.6567 13.0826
1.6617 13.4083
1.6667 14.9319
1.6717 14.1297
1.6767 14.3286
1.6817 13.1629
1.6867 13.8459
1.6917 14.0053
1.6967 13.7326
1.7017 13.0958
1.7067 14.0484
1.7117 13.6382
1.7167 14.5594
1.7217 14.1164
1.7267 14.0199
1.7317 13.8796
1.7367 13.8009
1.7417 15.4010
1.7467 14.2067
1.7518 14.4984
1.7568 13.8732
1.7618 13.8885
1.7668 14.5898
1.7718 15.0164
1.7768 14.4158
1.7818 14.2038
1.7868 14.9697
1.7918 14.8832
1.7968 15.0115
1.8018 13.4944
1.8068 12.5329
1.8118 14.5776
1.8168 13.9924
1.8218 13.6238
1.8268 13.8402
1.8318 14.1343
1.8368 13.1807
1.8418 13.2240
1.8468 12.9305
1.8519 14.4867
1.8569 13.1939
1.8619 13.1134
1.8669 14.6108
1.8719 14.7620
1.8769 14.0886
1.8819 14.7738
1.8869 15.6054
1.8919 13.1211
1.8969 15.9037
1.9019 13.6966
1.9069 13.8689
1.9119 16.4644
1.9169 14.3005
1.9219 15.4578
1.9269 15.7542
1.9319 13.5205
1.9369 13.9933
1.9419 14.6777
1.9469 15.1962
1.9520 16.3331
1.9570 15.9175
1.9620 15.1104
1.9670 13.6521
1.9720 16.4692
1.9770 15.1912
1.9820 14.4387
1.9870 15.8253
1.9920 14.4134
1.9970 14.3530
2.0020 13.8161
2.0070 15.2960
2.0120 15.2897
2.0170 13.6465
2.0220 16.5274
2.0270 16.4343
2.0320 14.5184
2.0370 16.3138
2.0420 15.5292
2.0470 14.4103
2.0521 15.1087
2.0571 13.7820
2.0621 15.6924
2.0671 14.5478
2.0721 12.8666
2.0771 14.1785
2.0821 14.7950
2.0871 16.5466
2.0921 13.5408
2.0971 15.2076
2.1021 15.1534
2.1071 16.1173
2.1121 13.3444
2.1171 14.0811
2.1221 15.9990
2.1271 15.6872
2.1321 15.7797
2.1371 14.7393
2.1421 15.7148
2.1471 16.5919
2.1522 15.7682
2.1572 13.9701
2.1622 17.4060
2.1672 15.8526
2.1722 14.6169
2.1772 14.2103
2.1822 17.1941
2.1872 16.2619
2.1922 16.7945
2.1972 15.4971
2.2022 13.6742
2.2072 14.7219
2.2122 16.0576
2.2172 14.3079
2.2222 15.1558
2.2272 14.7101
2.2322 15.3422
2.2372 15.4263
2.2422 15.0150
2.2472 16.5281
2.2523 17.3152
2.2573 14.6386
2.2623 16.9517
2.2673 14.8883
2.2723 14.9351
2.2773 17.5006
2.2823 13.9951
2.2873 14.6287
2.2923 17.5179
2.2973 15.4244
2.3023 17.3279
2.3073 17.5527
2.3123 15.8880
2.3173 17.3801
2.3223 16.6045
2.3273 17.6445
2.3323 16.5061
2.3373 15.0946
2.3423 17.0572
2.3473 16.5509
2.3524 14.8888
2.3574 15.6661
2.3624 14.5344
2.3674 13.8013
2.3724 16.3565
2.3774 14.2835
2.3824 15.3457
2.3874 18.0967
2.3924 15.2003
2.3974 18.5058
2.4024 15.5419
2.4074 15.3167
2.4124 16.5495
2.4174 15.6225
2.4224 16.9894
2.4274 15.5262
2.4324 15.9605
2.4374 16.9503
2.4424 16.3109
2.4474 16.7304
2.4525 16.1669
2.4575 17.9622
2.4625 17.1313
2.4675 18.9511
2.4725 15.8638
2.4775 15.3111
2.4825 16.1524
2.4875 16.2519
2.4925 17.8491
2.4975 17.2840
2.5025 18.0000
2.5075 15.8212
2.5125 15.9354
2.5175 17.8663
2.5225 15.3975
2.5275 15.5473
2.5325 16.8304
2.5375 17.4354
2.5425 16.1495
2.5475 16.6562
2.5526 17.5894
2.5576 16.5491
2.5626 17.2795
2.5676 19.9191
2.5726 16.9082
2.5776 16.7510
2.5826 17.4796
2.5876 14.4839
2.5926 17.7352
2.5976 16.9920
2.6026 16.4599
2.6076 17.2089
2.6126 17.2580
2.6176 18.0310
2.6226 17.8041
2.6276 17.4556
2.6326 18.8464
2.6376 18.6594
2.6426 17.3140
2.6476 15.7398
2.6527 17.4645
2.6577 17.8939
2.6627 16.1138
2.6677 16.1781
2.6727 18.7753
2.6777 17.7375
2.6827 16.8821
2.6877 17.4863
2.6927 18.8548
2.6977 16.6381
2.7027 19.0628
2.7077 16.4798
2.7127 16.8345
2.7177 16.3866
2.7227 18.7528
2.7277 17.4199
2.7327 17.1484
2.7377 18.9297
2.7427 18.2982
2.7477 17.1250
2.7528 17.2741
2.7578 17.2490
2.7628 18.6226
2.7678 17.1045
2.7728 18.6065
2.7778 17.8731
2.7828 17.6268
2.7878 18.3505
2.7928 17.4855
2.7978 19.7415
2.8028 18.8127
2.8078 17.2776
2.8128 17.5024
2.8178 17.5810
2.8228 18.4708
2.8278 19.6303
2.8328 18.3936
2.8378 20.1453
2.8428 19.3946
2.8478 16.4846
2.8529 17.8563
2.8579 16.5256
2.8629 20.3127
2.8679 18.3415
2.8729 17.8936
2.8779 18.2420
2.8829 18.0575
2.8879 17.7854
2.8929 17.9675
2.8979 19.3285
2.9029 17.8296
2.9079 18.5316
2.9129 19.2507
2.9179 17.3732
2.9229 17.7908
2.9279 18.7200
2.9329 18.2837
2.9379 18.0575
2.9429 18.7926
2.9479 18.1401
2.9530 17.3752
2.9580 18.1175
2.9630 20.5998
2.9680 18.9286
2.9730 17.9985
2.9780 20.0484
2.9830 19.9430
2.9880 19.6138
2.9930 19.0522
2.9980 19.8678
3.0030 19.4544
3.0080 17.4629
3.0130 19.6808
3.0180 19.1441
3.0230 18.4584
3.0280 17.9462
3.0330 19.7471
3.0380 20.2671
3.0430 18.7781
3.0480 18.2606
3.0531 19.3493
3.0581 18.8182
3.0631 20.8068
3.0681 18.9567
3.0731 18.4064
3.0781 19.2746
3.0831 18.0356
3.0881 17.8817
3.0931 17.1298
3.0981 19.8529
3.1031 18.5868
3.1081 19.7018
3.1131 19.7766
3.1181 18.2643
3.1231 19.7801
3.1281 19.2821
3.1331 19.9079
3.1381 18.4987
3.1431 19.3009
3.1481 19.4044
3.1532 20.7231
3.1582 21.0184
3.1632 17.8873
3.1682 19.7375
3.1732 18.5569
3.1782 19.9511
3.1832 19.9664
3.1882 19.5399
3.1932 21.2420
3.1982 20.0055
3.2032 19.3223
3.2082 19.1481
3.2132 18.3640
3.2182 18.3014
3.2232 19.3591
3.2282 21.5090
3.2332 21.3231
3.2382 19.2864
3.2432 20.6060
3.2482 18.8179
3.2533 19.6693
3.2583 18.6876
3.2633 19.7710
3.2683 19.9585
3.2733 18.9436
3.2783 20.1202
3.2833 19.1942
3.2883 21.4665
3.2933 21.0413
3.2983 20.1236
3.3033 20.4252
3.3083 19.4345
3.3133 18.9755
3.3183 20.7770
3.3233 20.6024
3.3283 20.5746
3.3333 18.6140
3.3383 21.1239
3.3433 22.6611
3.3483 19.8624
3.3534 20.6124
3.3584 20.7253
3.3634 19.3109
3.3684 19.7800
3.3734 21.8426
3.3784 22.3139
3.3834 19.8503
3.3884 20.9538
3.3934 20.3464
3.3984 19.3797
3.4034 18.1704
3.4084 19.8801
3.4134 19.9696
3.4184 21.4862
3.4234 20.3106
3.4284 21.6367
3.4334 22.1246
3.4384 18.6494
3.4434 21.7877
3.4484 20.1345
3.4535 21.5865
3.4585 22.3069
3.4635 21.9714
3.4685 21.1877
3.4735 19.6122
3.4785 21.8070
3.4835 19.8070
3.4885 21.3557
3.4935 21.2944
3.4985 22.5751
3.5035 20.7223
3.5085 19.5065
3.5135 22.2474
3.5185 22.4491
3.5235 22.4043
3.5285 22.9138
3.5335 19.4782
3.5385 20.0058
3.5435 22.3565
3.5485 20.1810
3.5536 20.5407
3.5586 20.2287
3.5636 21.5197
3.5686 20.6320
3.5736 22.2521
3.5786 22.1129
3.5836 22.4628
3.5886 22.1594
3.5936 21.3635
3.5986 20.1208
3.6036 20.2593
3.6086 22.6764
3.6136 22.8339
3.6186 22.8981
3.6236 21.5752
3.6286 22.2485
3.6336 22.0349
3.6386 21.7375
3.6436 22.4439
3.6486 23.1343
3.6537 22.9334
3.6587 21.1536
3.6637 21.7852
3.6687 22.4249
3.6737 21.3382
3.6787 21.6562
3.6837 21.6013
3.6887 22.3737
3.6937 22.7953
3.6987 21.8083
3.7037 22.5096
3.7087 22.2162
3.7137 24.4358
3.7187 21.4515
3.7237 20.8273
3.7287 21.9363
3.7337 22.2023
3.7387 21.6462
3.7437 21.4669
3.7487 23.5065
3.7538 21.4293
3.7588 22.6387
3.7638 22.9216
3.7688 22.8204
3.7738 21.4523
3.7788 21.7023
3.7838 22.4549
3.7888 21.5083
3.7938 24.1675
3.7988 22.2349
3.8038 20.3541
3.8088 22.5094
3.8138 21.2432
3.8188 24.1604
3.8238 23.3433
3.8288 21.1797
3.8338 22.9291
3.8388 22.5868
3.8438 23.2660
3.8488 22.9666
3.8539 22.3571
3.8589 23.0406
3.8639 23.0106
3.8689 23.7211
3.8739 22.3541
3.8789 24.0080
3.8839 21.8389
3.8889 24.5118
3.8939 23.0957
3.8989 21.4177
3.9039 23.3376
3.9089 24.3326
3.9139 22.7860
3.9189 23.7717
3.9239 23.1565
3.9289 23.1987
3.9339 24.1545
3.9389 22.8759
3.9439 22.3842
3.9489 22.6908
3.9540 22.9804
3.9590 23.6250
3.9640 24.1576
3.9690 23.3767
3.9740 24.9752
3.9790 24.0925
3.9840 22.1242
3.9890 24.2091
3.9940 22.6383
3.9990 24.0021
4.0040 23.7734
4.0090 25.4963
4.0140 23.6066
4.0190 23.8777
4.0240 24.4750
4.0290 24.0636
4.0340 24.8513
4.0390 21.9174
4.0440 23.2707
4.0490 22.7464
4.0541 24.2023
4.0591 24.4737
4.0641 25.0324
4.0691 25.7313
4.0741 24.1866
4.0791 24.1966
4.0841 24.9009
4.0891 26.5503
4.0941 25.0365
4.0991 24.9742
4.1041 25.3506
4.1091 25.7536
4.1141 25.7723
4.1191 26.3286
4.1241 22.8303
4.1291 25.4717
4.1341 23.9222
4.1391 24.6831
4.1441 23.3451
4.1491 24.0347
4.1542 24.9319
4.1592 23.1563
4.1642 23.1429
4.1692 26.0021
4.1742 24.3813
4.1792 23.0549
4.1842 22.7645
4.1892 24.4784
4.1942 25.1230
4.1992 26.3125
4.2042 24.8947
4.2092 24.9867
4.2142 25.0254
4.2192 27.1536
4.2242 26.3438
4.2292 25.0081
4.2342 25.0794
4.2392 25.2503
4.2442 22.6880
4.2492 22.9506
4.2543 24.4860
4.2593 25.4581
4.2643 26.1965
4.2693 23.8465
4.2743 26.5988
4.2793 26.8596
4.2843 26.1375
4.2893 23.8460
4.2943 22.9413
4.2993 23.9450
4.3043 24.4102
4.3093 26.3518
4.3143 24.6456
4.3193 26.8206
4.3243 25.7710
4.3293 25.4500
4.3343 23.2195
4.3393 25.2401
4.3443 24.2277
4.3493 26.4222
4.3544 25.0992
4.3594 26.4706
4.3644 26.2883
4.3694 25.8043
4.3744 25.6003
4.3794 26.3109
4.3844 24.5658
4.3894 25.2954
4.3944 25.4928
4.3994 24.6514
4.4044 26.4702
4.4094 26.6607
4.4144 24.4017
4.4194 25.1948
4.4244 26.3476
4.4294 26.0300
4.4344 24.9598
4.4394 26.9963
4.4444 25.2139
4.4494 27.0451
4.4545 26.3996
4.4595 25.7572
4.4645 24.7104
4.4695 26.7625
4.4745 26.8753
4.4795 25.6736
4.4845 28.0353
4.4895 27.0050
4.4945 26.5881
4.4995 27.2151
4.5045 27.6318
4.5095 28.0756
4.5145 26.6884
4.5195 25.6620
4.5245 26.1531
4.5295 25.9215
4.5345 24.1678
4.5395 27.1009
4.5445 26.5010
4.5495 27.5134
4.5546 24.4097
4.5596 26.7037
4.5646 26.6119
4.5696 25.5336
4.5746 27.8680
4.5796 26.8662
4.5846 26.9902
4.5896 28.0452
4.5946 28.8130
4.5996 25.7933
4.6046 25.3200
4.6096 28.5564
4.6146 26.0053
4.6196 26.6165
4.6246 26.3601
4.6296 26.4532
4.6346 27.1450
4.6396 26.8278
4.6446 25.2200
4.6496 26.2078
4.6547 28.4678
4.6597 26.2430
4.6647 25.8550
4.6697 27.9042
4.6747 27.3596
4.6797 28.2138
4.6847 26.9947
4.6897 26.8868
4.6947 25.5931
4.6997 28.2911
4.7047 25.5013
4.7097 27.2046
4.7147 27.1434
4.7197 29.7846
4.7247 27.8083
4.7297 27.7751
4.7347 26.3013
4.7397 26.9855
4.7447 26.8976
4.7497 27.3737
4.7548 26.9982
4.7598 27.1376
4.7648 28.3855
4.7698 27.1027
4.7748 28.3832
4.7798 26.9769
4.7848 28.4582
4.7898 26.3159
4.7948 28.1822
4.7998 27.4037
4.8048 28.2467
4.8098 26.4338
4.8148 27.6731
4.8198 27.3276
4.8248 28.4896
4.8298 28.6781
4.8348 28.3551
4.8398 29.5996
4.8448 28.1124
4.8498 26.7277
4.8549 28.8617
4.8599 28.3335
4.8649 26.9637
4.8699 27.4173
4.8749 26.4805
4.8799 28.8572
4.8849 28.6041
4.8899 26.9541
4.8949 28.9255
4.8999 28.4336
4.9049 29.3682
4.9099 27.4789
4.9149 28.1796
4.9199 29.1649
4.9249 28.6712
4.9299 28.2666
4.9349 28.9620
4.9399 27.6258
4.9449 27.9950
4.9499 27.2875
4.9550 28.9803
4.9600 29.1207
4.9650 27.6437
4.9700 29.6630
4.9750 29.4767
4.9800 28.1649
4.9850 28.8843
4.9900 29.0340
4.9950 27.7536
5.0000 28.1040
